origin  0.0000E+00  0.0000E+00  0.0000E+00 extent  5.0000E+02  5.0000E+02
origin  0.0000E+00 -6.2500E+00  1.2639E+02 extent  1.3611E+02  1.3611E+02
label 0 0 cel       
basis  1.0000E+00  0.0000E+00  0.0000E+00  0.0000E+00  1.0000E+00  0.0000E+00
basis  0.0000E+00  1.0000E+00  0.0000E+00  0.0000E+00  0.0000E+00  1.0000E+00
basis  0.0000E+00  1.0000E+00  0.0000E+00  0.0000E+00  0.0000E+00  1.0000E+00
basis  1.0000E+00  0.0000E+00  0.0000E+00  0.0000E+00  1.0000E+00  0.0000E+00
origin  1.1343E+00  4.7145E+00  1.2639E+02 extent  6.8812E+01  6.8812E+01
basis  1.0000E+00  0.0000E+00  0.0000E+00  0.0000E+00  1.0000E+00  0.0000E+00
basis  0.0000E+00  1.0000E+00  0.0000E+00  0.0000E+00  0.0000E+00  1.0000E+00
basis  1.0000E+00  0.0000E+00  0.0000E+00  0.0000E+00  1.0000E+00  0.0000E+00
basis  0.0000E+00  1.0000E+00  0.0000E+00  0.0000E+00  0.0000E+00  1.0000E+00
origin  1.1343E+00  4.7145E+00  1.2639E+02 extent  3.4406E+02  3.4406E+02
origin  1.1343E+00 -5.4199E-01  1.2687E+02 extent  1.3332E+02  1.3332E+02
