label 0 0 cel       
origin  0.0000E+00  0.0000E+00  0.0000E+00 extent  6.0000E+02  6.0000E+02
origin  0.0000E+00 -1.5330E+00  1.0149E+02 extent  1.4986E+02  1.4986E+02
origin  0.0000E+00 -6.0455E+01  1.4387E+01 extent  1.8885E+01  1.8885E+01
origin  0.0000E+00 -6.0455E+01  1.4387E+01 extent  9.4423E+01  9.4423E+01
origin  0.0000E+00 -6.0455E+01  1.4387E+01 extent  4.7212E+02  4.7212E+02
origin  0.0000E+00  1.0641E+00  1.0015E+02 extent  1.0666E+02  1.0666E+02
basis  1.0000E+00  0.0000E+00  0.0000E+00  0.0000E+00  1.0000E+00  0.0000E+00
basis  1.0000E+00  0.0000E+00  0.0000E+00  0.0000E+00  1.0000E+00  0.0000E+00
basis  0.0000E+00  1.0000E+00  0.0000E+00  0.0000E+00  0.0000E+00  1.0000E+00
basis  1.0000E+00  0.0000E+00  0.0000E+00  0.0000E+00  1.0000E+00  0.0000E+00
