label 0 0 cel       
origin  0.0000E+00  0.0000E+00  0.0000E+00 extent  5.0000E+02  5.0000E+02
origin  0.0000E+00 -1.1960E+00  6.3242E+01 extent  6.8025E+01  6.8025E+01
basis  1.0000E+00  0.0000E+00  0.0000E+00  0.0000E+00  1.0000E+00  0.0000E+00
basis  0.0000E+00  1.0000E+00  0.0000E+00  0.0000E+00  0.0000E+00  1.0000E+00
basis  1.0000E+00  0.0000E+00  0.0000E+00  0.0000E+00  1.0000E+00  0.0000E+00
basis  0.0000E+00  1.0000E+00  0.0000E+00  0.0000E+00  0.0000E+00  1.0000E+00
basis  1.0000E+00  0.0000E+00  0.0000E+00  0.0000E+00  1.0000E+00  0.0000E+00
basis  0.0000E+00  1.0000E+00  0.0000E+00  0.0000E+00  0.0000E+00  1.0000E+00
basis  1.0000E+00  0.0000E+00  0.0000E+00  0.0000E+00  1.0000E+00  0.0000E+00
basis  0.0000E+00  1.0000E+00  0.0000E+00  0.0000E+00  0.0000E+00  1.0000E+00
basis  1.0000E+00  0.0000E+00  0.0000E+00  0.0000E+00  1.0000E+00  0.0000E+00
basis  1.0000E+00  0.0000E+00  0.0000E+00  0.0000E+00  1.0000E+00  0.0000E+00
origin -1.3605E+02 -1.1960E+00  6.3242E+01 extent  6.8025E+01  6.8025E+01
origin -1.3605E+02 -1.1960E+00  6.3242E+01 extent  3.4012E+02  3.4012E+02
origin  3.7967E+00  1.3346E+00  6.3242E+01 extent  7.3042E+01  7.3042E+01
basis  0.0000E+00  1.0000E+00  0.0000E+00  0.0000E+00  0.0000E+00  1.0000E+00
basis  1.0000E+00  0.0000E+00  0.0000E+00  0.0000E+00  1.0000E+00  0.0000E+00
origin -2.7657E-02 -2.1814E-01  6.3242E+01 extent  6.3675E+01  6.3675E+01
basis  0.0000E+00  1.0000E+00  0.0000E+00  0.0000E+00  0.0000E+00  1.0000E+00
basis  1.0000E+00  0.0000E+00  0.0000E+00  0.0000E+00  1.0000E+00  0.0000E+00
basis  0.0000E+00  1.0000E+00  0.0000E+00  0.0000E+00  0.0000E+00  1.0000E+00
